   1.5224433e+00   7.1028727e+00   6.3392422e+00   7.6635028e+00   9.1712777e+00
   9.2673732e+00   3.5999030e+00   3.1770167e+00   1.2150513e+00   8.7859720e-01
   4.4430844e+00   1.0847099e+00   2.3040617e+00   3.9942476e+00   7.5824916e-01
   2.0347622e+00   5.9171321e+00   3.6793250e+00   3.5525217e+00   2.7163386e+00
   6.5772285e+00   6.5363378e+00   3.6955990e+00   2.6160045e+00   9.1932601e+00
   5.9502128e+00   6.6777478e+00   6.7171570e+00   9.2523294e+00   9.6873290e+00
   1.6664790e+00   7.5316196e+00   3.3409766e+00   8.3124494e+00   6.5790279e+00
   9.1018897e+00   7.5536657e+00   3.0698746e+00   1.0655141e+00   7.5742038e+00
   9.9778753e-01   7.5392826e+00   6.1234166e+00   9.0911132e+00   4.9083070e+00
   5.1119489e+00   7.0134044e+00   7.2420738e+00   6.4877954e+00   4.8623073e-02
   6.2098918e+00   7.2196694e+00   6.9794300e+00   4.3815124e+00   6.4041362e+00
   4.0015813e+00   7.2976598e+00   3.6206507e+00   9.6352486e+00   5.9550702e+00
   9.8331089e+00   3.5472410e+00   3.0555235e+00   4.8523444e+00   6.1037411e+00
   2.0510565e+00   6.9778583e+00   3.3013804e+00   7.6229314e+00   1.0771594e+00
   2.0499318e+00   4.0142024e+00   3.3575060e+00   9.5029767e+00   9.6120179e+00
   4.1804665e+00   6.7649051e+00   7.3070189e+00   8.7360256e+00   8.7748897e+00
   5.0155886e+00   6.6876503e+00   4.5162770e+00   4.5499215e+00   4.4121162e+00
   5.1034549e+00   4.7625914e+00   2.6596267e+00   2.5694106e+00   3.6231297e+00
   6.6522770e+00   2.7465701e+00   2.7536975e+00   3.0738122e+00   4.1150395e+00
   2.4381091e+00   7.2780422e+00   2.2803150e+00   4.5188318e+00   5.6601382e+00
   1.4196450e+00   2.5205980e+00   3.4953489e+00   8.0818264e+00   6.5642573e+00
   6.6829700e+00   8.2849701e+00   4.7022938e+00   6.8118653e+00   5.2137567e+00
   1.7202737e+00   6.3369134e+00   6.9376210e+00   2.8905151e+00   8.9616791e+00
   9.7728138e+00   3.0368470e+00   3.4684430e+00   9.2236542e+00   5.4536881e+00
   5.4510917e+00   6.9817978e+00   6.5060346e+00   7.7946785e+00   8.0327328e+00
   3.9510875e+00   5.5594396e+00   1.6459742e+00   1.5291039e+00   3.9357640e+00
   4.4853957e+00   2.3476576e+00   3.0958063e+00   7.0762144e+00   5.1090998e+00
   4.1220556e+00   7.3335697e+00   7.4400592e+00   3.4509354e+00   5.3460896e+00
   4.5923874e-01   7.5426660e+00   7.2752871e+00   5.3477394e+00   1.6240384e+00
   1.5041355e+00   3.2029892e+00   3.0681973e+00   4.0802380e+00   1.6859986e+00
   1.1397391e+00   5.8292653e+00   4.3934588e+00   7.6596846e-02   8.9745559e+00
   4.5216987e+00   3.8769224e+00   3.8939751e+00   6.9170862e+00   7.9081391e+00
   2.9179058e+00   6.5325802e+00   2.2682119e+00   3.7943990e+00   8.6065701e+00
   1.9336276e+00   3.3611316e+00   1.7631696e+00   7.9478285e-01   6.6304537e+00
   8.7063260e+00   2.3204710e+00   3.2733118e+00   3.2722529e-01   5.2104565e+00
   7.8044209e+00   7.4580366e+00   3.3548041e+00   8.4844965e+00   8.5944322e+00
   2.3957054e+00   7.9791272e+00   4.5848888e+00   9.5473346e+00   9.9493264e+00
   8.7350965e+00   7.6711912e+00   3.2884148e+00   9.9928113e+00   9.1650686e+00
   1.5572386e+00   7.6211436e+00   1.7602410e+00   4.4594245e+00   5.4130006e+00
   6.0067255e+00   7.0027076e+00   4.0202615e+00   4.6282856e+00   8.5143776e-01
   6.0546031e+00   7.8232076e+00   7.1263735e+00   1.4319128e+00   8.0364320e+00
   9.7233728e+00   6.2343970e+00   2.4549220e+00   3.6928815e+00   3.8553768e+00
   1.4558630e+00   7.0610934e+00   6.6812084e+00   5.0857416e+00   7.6700042e+00
   3.1380669e+00   8.8210654e+00   7.2722914e+00   7.5321024e+00   9.5598907e-02
   9.5169696e+00   7.9965017e+00   7.6362878e+00   5.1433344e+00   8.2749503e+00
   7.1022088e+00   7.5508159e+00   3.4733010e+00   1.6236723e+00   4.9440049e+00
   7.7408756e-01   3.4596435e+00   3.3200859e+00   9.4969126e+00   1.9356693e+00
   3.7402217e+00   2.6836675e+00   3.1653549e+00   2.2858385e+00   2.7313373e+00
   9.0394338e+00   7.6387021e+00   3.2148395e+00   8.3219586e+00   9.3171286e+00
   9.7846708e-01   2.4540187e+00   2.4460502e+00   1.4253761e+00   9.2424428e+00
   8.3464618e+00   6.5998990e+00   1.8519997e+00   6.9521004e+00   6.6746770e+00
   5.5822950e-01   5.6188062e+00   3.0596886e+00   5.2303714e+00   9.7787630e+00
   4.3856422e+00   2.7002500e+00   2.7606267e+00   3.5043095e+00   5.0191708e+00
   6.2117490e-01   1.8589514e+00   3.2091047e+00   2.0799004e+00   4.2606332e+00
   9.7980641e+00   6.1939738e+00   3.3620071e+00   3.1205552e+00   7.5293713e+00
   6.3536124e+00   3.2983594e+00   2.5928668e+00   7.1617779e+00   1.4513548e+00
   8.2104273e+00   2.9968140e+00   3.2933043e+00   7.0201753e+00   8.5059159e+00
   2.7304748e+00   8.2050028e+00   7.1404412e+00   8.6860863e+00   1.8649547e+00
   7.8308296e-01   7.7140695e+00   2.5704635e+00   9.4450499e+00   2.9575795e+00
   6.9510550e+00   6.9874477e+00   4.1868378e+00   6.0218476e+00   6.8531733e+00
   4.8695217e+00   7.0607594e+00   7.1287125e+00   1.7901454e+00   3.3333498e+00
   4.4897946e+00   1.9016301e+00   2.1727673e+00   7.5489725e+00   7.8288748e+00
   3.6377045e+00   7.1355295e+00   7.7254794e+00   9.6579598e+00   9.0128161e-01
   7.3750147e+00   2.5987887e+00   2.0115572e+00   6.1725554e+00   1.7598661e+00
   6.8778286e+00   7.7853938e+00   7.8144444e+00   8.8349251e+00   1.4108290e+00
   4.6866951e+00   7.0256915e+00   3.0784709e+00   7.4787356e+00   2.1032368e-01
   5.5752584e+00   6.3562896e+00   1.3881969e+00   3.4801251e+00   4.8925051e-01
   9.2594222e-01   5.7422742e+00   6.6666220e+00   6.2935636e+00   8.8432110e+00
   7.4137469e+00   7.2520971e+00   7.7301592e+00   4.3696263e+00   2.1156037e+00
   8.0586994e+00   2.2198433e+00   2.0451622e+00   1.6822214e+00   6.2908814e+00
   1.3192985e+00   6.9808253e+00   2.3800846e+00   2.1333572e+00   9.3712387e+00
   2.3391469e+00   7.9652005e+00   3.7630034e+00   2.2404056e+00   2.0452522e+00
   8.9727233e+00   7.2945191e+00   7.6098611e+00   2.0054460e+00   8.5071140e+00
   7.3339601e+00   3.1093838e+00   3.9845705e+00   4.5861490e+00   7.2358666e+00
   4.5233745e+00   6.7170163e+00   7.1377251e+00   9.0927082e+00   7.8517110e-01
   6.1281367e+00   6.7623123e+00   3.4354203e+00   2.7134592e+00   9.7578810e+00
   9.3861776e+00   8.2852192e+00   7.2961224e+00   5.6961077e+00   2.8528303e+00
   5.2238778e+00   6.1612384e+00   6.9491861e+00   1.3146115e+00   7.6241302e+00
   7.7451975e+00   4.0946213e+00   2.0009155e+00   9.1022961e+00   4.3407522e+00
   2.6658091e-01   6.3807795e+00   3.0157506e+00   5.0116748e+00   5.8458622e-01
   7.7266599e+00   2.8904183e+00   3.3305551e+00   2.6649343e+00   5.6182294e+00
   7.4043802e+00   6.6156612e+00   7.8460461e+00   2.3439443e-01   9.1039831e+00
   9.1430056e+00   5.6344581e+00   4.4336985e+00   4.5850922e+00   4.8689094e-02
   9.6081934e+00   6.8838233e+00   8.0756219e+00   6.0148122e+00   4.3408270e+00
   8.2178289e+00   6.7485210e+00   1.7570362e+00   6.0125022e-01   4.8660147e-02
   1.0419803e+00   2.3618607e+00   2.1128712e+00   7.9347517e+00   6.6340422e+00
   8.9208747e+00   2.9268738e+00   3.9417741e+00   9.3164240e+00   7.8508199e+00
   5.2377213e-01   6.8586799e+00   2.9076521e+00   5.5025777e+00   6.8628990e+00
   8.7763159e+00   7.0928595e+00   6.8463013e+00   3.9717970e+00   4.3658367e-01
   2.8336883e+00   6.6926951e+00   6.0575183e+00   3.7228520e+00   7.8746204e+00
   8.1449087e+00   7.6241048e+00   5.7485989e+00   8.9041437e+00   2.1812724e+00
   5.4876894e+00   7.2469109e+00   7.8672926e+00   5.0525077e-01   5.4352048e+00
   7.4289983e+00   7.2690761e+00   5.5548681e+00   4.4364204e+00   7.3211982e-01
   6.0327380e+00   2.0678456e+00   2.8565943e+00   9.3974944e+00   5.8497326e+00
   8.4419698e+00   3.3722924e+00   2.3673195e+00   4.3694215e+00   9.9258578e+00
   6.3756530e+00   6.7615166e+00   7.3589272e+00   5.8504355e+00   7.3491134e+00
   8.2378004e+00   2.4815523e+00   3.7104816e+00   4.2473064e-01   9.1380141e+00
   6.5225930e+00   2.2075033e+00   2.2191101e+00   2.4330563e+00   1.9891726e+00
   1.2383736e+00   3.3603924e+00   4.1774448e+00   8.8347352e+00   5.7325210e+00
   2.4735818e+00   2.3902503e+00   3.4561548e+00   5.9976425e+00   1.9995209e+00
   7.9210347e+00   8.1147028e+00   6.5574892e+00   2.0452492e+00   7.3705675e+00
   1.2486296e-01   6.1709431e+00   2.3273345e+00   2.0299179e-01   5.5870876e-02
   4.5228559e-01   6.4211537e+00   4.0264900e+00   6.6035893e+00   7.0579512e+00
   4.3614708e+00   6.6153082e+00   5.6043736e+00   8.4213100e+00   6.0925734e+00
   2.9421288e+00   6.4380295e+00   7.0367180e+00   6.3969798e+00   6.6501225e+00
   5.8313125e+00   3.1650470e+00   2.7413282e+00   6.3097700e+00   3.4373792e+00
   1.4203170e+00   6.1109259e+00   6.9879599e+00   8.5428516e+00   1.6270782e+00
   6.6443995e+00   7.7747236e+00   3.3069794e+00   1.3036117e+00   8.3910179e+00
   7.1663385e+00   3.1950845e+00   2.6817608e+00   3.4997277e+00   3.1609432e+00
   4.1137873e+00   7.1088082e+00   6.8656164e+00   6.4504566e+00   6.9981163e+00
   8.0413181e-01   5.8961990e+00   7.8199994e+00   7.7490887e+00   3.3152747e+00
   6.1503246e+00   7.6156727e+00   3.9327253e+00   1.6316945e+00   1.1194945e+00
   2.6999230e+00   7.3688293e+00   4.9656724e+00   2.1409035e+00   3.8916378e+00
   9.0242207e-01   7.2381849e+00   7.5805434e+00   5.9408314e+00   7.0423704e-02
   4.1476700e+00   6.9014222e+00   1.4236362e+00   9.8765340e+00   1.9968044e+00
   7.3798061e+00   6.5308100e+00   4.3370972e+00   9.1331716e+00   9.9583267e+00
   3.9656934e+00   7.1838308e+00   6.8217940e+00   8.1840137e+00   8.0694421e+00
   5.2948608e+00   2.4701258e+00   2.0295945e+00   1.1954693e+00   6.9769582e+00
   4.9023836e+00   7.6188182e+00   7.5042988e+00   9.2389217e+00   5.8253144e+00
   7.2806659e+00   3.5555993e+00   3.5639942e+00   4.6892763e+00   4.3853216e+00
   5.9800462e+00   6.9190475e+00   2.9899472e+00   8.9522917e+00   3.7912956e+00
   4.0198621e+00   8.1029697e+00   2.9448964e+00   4.9731315e+00   5.1202566e+00
   7.0339108e+00   6.2098534e+00   3.1203553e+00   5.2154363e+00   5.7744833e+00
   8.0104282e+00   6.9258949e+00   6.7956188e+00   4.6012627e-01   1.0388435e+00
   3.1917374e+00   7.2377632e+00   5.9583013e+00   8.7972940e+00   7.3992059e+00
   5.0140047e+00   7.8025761e+00   3.4845761e+00   1.4009010e+00   8.2149976e+00
   1.0482498e+00   6.0041807e+00   6.8236231e+00   8.5739100e+00   8.9352518e-01
   8.1994620e+00   7.5499868e+00   3.1679769e+00   4.9947376e+00   7.0431900e-01
   3.3431317e+00   3.0094247e+00   3.9910961e+00   8.6937289e+00   7.5617577e+00
   3.5105325e+00   6.0134133e+00   6.7024422e+00   1.9715179e+00   3.1103951e+00
   6.2806185e+00   2.7686802e+00   3.5228377e+00   9.0214831e+00   6.9806496e+00
   2.0401932e+00   2.7597689e+00   2.3690347e+00   3.0489084e+00   5.8966216e+00
   9.5728058e+00   5.8500697e+00   6.0698785e+00   3.4932660e+00   9.4765434e+00
   4.3272379e+00   4.1609567e+00   3.2186946e+00   5.6010990e+00   8.5123784e+00
   1.5255451e+00   6.5894193e+00   5.9095417e+00   8.5494777e+00   7.7931473e-01
   5.0613885e+00   6.1624799e+00   2.3937596e+00   7.7129289e+00   7.3008588e+00
   1.8800432e+00   2.7015537e+00   3.7391205e+00   9.6199986e+00   6.6406977e+00
   3.4869797e+00   7.0151185e+00   7.3255978e+00   9.7776811e+00   7.0933770e+00
   3.5267968e+00   6.2140122e+00   6.9621986e+00   5.4166810e+00   7.0338514e+00
   5.0459405e+00   3.7281044e+00   2.2405753e+00   6.0329326e+00   1.1852783e+00
   1.3575251e+00   6.9702999e+00   4.5275929e+00   3.5127166e+00   4.0202794e+00
   1.4460285e+00   2.8835160e+00   3.0230818e+00   6.8078385e+00   9.0713141e+00
   6.2170213e+00   5.5707560e+00   5.9235791e+00   2.4512331e+00   3.2380667e+00
   7.3899211e+00   2.3240952e+00   2.2333981e+00   6.6270014e+00   6.9735883e+00
   1.8484072e+00   4.2890893e+00   4.1805707e+00   9.5206882e+00   9.0425260e-01
   4.8915137e+00   3.4469513e+00   2.4371657e+00   3.1671481e-01   8.7421662e-01
   3.0753601e+00   2.2948433e+00   1.3675386e+00   2.3554302e+00   8.7309268e-01
   8.0913894e+00   3.0198465e+00   1.1711340e+00   6.0201939e+00   8.4058841e+00
   2.8824004e+00   7.0140056e+00   3.2766637e+00   7.5796376e+00   6.8594529e+00
   4.6544246e+00   6.1007219e+00   2.6753317e+00   7.8213695e-01   7.0449441e+00
