   4.0349114e+00   2.0080768e+00   4.9234510e+00   3.7037674e+00   2.1555887e-01
   1.5223401e+00   3.7011596e+00   7.3907223e+00   2.6235116e+00   2.8662039e+00
   9.7480167e+00   2.5709459e+00   3.6063657e+00   2.1544127e+00   7.8029582e+00
   1.0075051e+00   8.0839763e+00   7.3138707e+00   7.4570466e+00   2.6807600e+00
   1.2202052e+00   2.8980114e+00   6.9474323e+00   3.8786618e+00   5.5984071e+00
   4.7607972e+00   2.7416112e+00   2.2988608e+00   7.5048443e+00   4.0350139e+00
   3.2939893e-01   2.3076702e+00   4.0384337e+00   7.2943488e+00   2.3179161e+00
   4.5194571e+00   7.4605241e+00   5.9090473e+00   8.6267749e+00   1.7385304e+00
   3.9901997e+00   3.1568288e+00   2.3038307e+00   3.5426167e+00   5.4915809e+00
   4.7401462e-01   2.6195520e+00   7.1112855e+00   2.2553510e+00   7.2838682e+00
   1.4025536e+00   7.4973371e+00   1.9621067e-01   6.8762936e+00   3.1801912e+00
   6.2027843e+00   4.5344953e+00   9.7912913e+00   1.8485244e+00   1.3872464e+00
   3.4237350e+00   2.1762111e+00   6.2457292e+00   2.0014788e+00   5.7675830e+00
   1.9257477e-01   2.9423861e+00   3.3042361e+00   2.6786445e+00   3.6245928e+00
   7.5967361e-01   3.3258408e+00   4.5220745e+00   6.0155177e+00   5.3096445e+00
   5.8560913e+00   7.1049082e+00   4.5421237e+00   5.4826467e+00   1.3864897e+00
   4.4063468e+00   7.6102170e+00   7.0557186e+00   6.4455808e+00   2.6487259e+00
   5.0513310e+00   6.6821647e+00   4.2645554e+00   7.1111296e+00   1.8917967e+00
   3.3166524e+00   2.6332897e+00   8.3780318e+00   1.7953141e+00   9.8090364e+00
   6.8006553e+00   7.4664108e+00   8.3418906e+00   6.7235096e+00   9.6155857e+00
   4.5137485e+00   2.6770154e+00   3.2094103e+00   7.8565844e+00   5.5855903e+00
   8.0506323e+00   2.5082498e+00   8.9998815e-01   6.2628642e+00   7.0507748e+00
   4.0138685e+00   7.3666051e+00   6.7116623e+00   7.4012760e+00   2.2802832e+00
   8.2657398e+00   3.3936367e+00   6.2026004e+00   8.2348402e+00   7.6367332e+00
   5.2012942e+00   7.6766234e+00   2.0207510e+00   6.7424281e+00   2.5728278e+00
   6.5011803e+00   2.5220884e+00   7.8902892e+00   6.9091493e+00   3.0434895e+00
   1.4315602e+00   7.0426449e+00   7.2016461e+00   6.8402718e+00   2.4357337e+00
   8.1115089e+00   4.8716788e+00   5.4930853e+00   3.0278189e+00   4.7557293e+00
   9.7483615e+00   2.4971033e+00   3.1783305e+00   6.3902584e+00   5.8019183e+00
   4.0677676e+00   7.0570380e+00   5.0021132e+00   6.3460165e+00   6.4512879e+00
   1.7104802e+00   6.7026104e+00   6.9375257e+00   6.1463903e+00   4.8267138e+00
   2.6843882e+00   4.3949879e+00   9.7273389e+00   1.5087405e+00   3.0081902e+00
   3.0366138e+00   2.9838861e+00   7.1504501e+00   2.3859238e+00   8.2953282e+00
   4.6191556e-01   3.0467880e+00   8.5618229e+00   2.5374064e+00   8.4908548e+00
   2.7142162e+00   7.6103151e+00   8.3627042e+00   6.6944641e+00   1.4248405e+00
   7.3243434e-01   3.5340679e+00   9.4810874e+00   7.6357175e+00   3.2683965e+00
   3.0913643e+00   2.6974295e+00   1.0974237e+00   6.6927681e+00   4.3198061e+00
   7.9468216e+00   2.8900888e+00   6.6043797e+00   1.6483386e+00   4.4653098e+00
   7.8964370e+00   2.7389197e+00   6.0606367e-01   7.2722850e+00   9.9548106e+00
   8.0899027e+00   1.9881457e+00   8.3825559e+00   7.3070602e+00   1.9822179e+00
   5.5388707e+00   6.7547325e+00   2.2868758e+00   6.2655341e+00   4.3059652e+00
   7.8114527e+00   3.0715806e+00   3.1185995e+00   7.1593633e+00   1.4250932e+00
   1.9579798e+00   3.4135290e+00   2.9145713e+00   7.5208504e+00   4.7847447e+00
   3.6102205e+00   2.9489328e+00   5.5226162e+00   1.8664794e+00   3.0774558e+00
   5.8701917e+00   3.2882949e+00   7.5222797e+00   6.8205691e+00   9.0120809e+00
   3.6428687e+00   5.5037614e+00   7.2568792e+00   8.1442595e+00   9.6243140e+00
   8.0226157e+00   1.7815197e+00   9.1164742e+00   6.9865307e+00   3.6909169e+00
   7.6668200e+00   7.5680877e+00   5.5669463e+00   6.7805914e+00   3.9388343e+00
   3.5314181e+00   2.9350227e+00   9.3602733e+00   3.0008739e+00   7.1567807e+00
   4.4384584e+00   7.9817111e+00   5.7161573e+00   7.7153902e+00   2.1810873e+00
   7.2175327e+00   3.4209484e+00   1.3776289e+00   2.6522321e+00   8.7255256e+00
   1.2165845e+00   3.1986346e+00   3.1922630e-01   3.6195223e+00   8.9611135e+00
   5.1697901e+00   7.0061086e+00   4.3027785e+00   6.2975045e+00   2.2118446e+00
   9.7295833e+00   1.6133622e+00   8.3315199e+00   3.8604598e+00   5.6071341e+00
   9.1018783e+00   3.1298716e+00   5.8464130e+00   7.2794140e+00   4.7110187e+00
   8.7147652e+00   3.5066710e+00   8.2998243e+00   6.7448573e+00   1.1562588e+00
   5.1699676e+00   8.1601604e+00   6.9538995e+00   6.7797508e+00   7.0640723e+00
   5.3234993e+00   5.3872526e+00   5.5655575e+00   6.5341537e+00   5.3506711e+00
   7.1165671e+00   3.7648006e+00   5.2935990e+00   6.4396535e+00   9.6387013e+00
   7.6288710e+00   7.1880638e+00   3.8638990e+00   5.0941036e+00   5.9888561e+00
   5.5217503e+00   3.0397928e+00   8.1062811e+00   6.8519837e+00   4.7948455e+00
   3.0018440e+00   7.4619540e+00   1.2218915e+00   7.6432348e+00   7.7236621e+00
   8.7704872e+00   1.8636961e+00   3.4328789e+00   2.2587061e+00   9.8477624e+00
   9.0805220e+00   7.2710979e+00   9.6605275e+00   6.5821891e+00   1.1920726e+00
   9.3004063e+00   2.5585735e+00   2.8150156e+00   2.9521483e+00   9.4373154e+00
   9.4278390e-01   3.4828988e+00   6.6265383e+00   1.4930095e+00   8.8401674e+00
   9.3855786e+00   8.7301702e+00   9.4521349e+00   7.2204760e+00   3.7601112e+00
   2.5784617e+00   2.3120176e+00   3.2775496e+00   1.9338382e+00   9.3940971e+00
   5.9099146e+00   2.7770888e+00   6.1028929e-01   7.7874963e+00   8.8033786e+00
   6.7687109e+00   2.8847868e+00   6.0026215e+00   6.8078370e+00   5.5882055e+00
   8.7779907e+00   3.8800729e+00   8.3672278e+00   3.5208084e+00   9.3350161e+00
   8.3873508e-01   1.4329056e+00   6.1947156e+00   3.3472442e+00   7.8811343e+00
   8.0675954e+00   2.4855893e+00   9.1749383e+00   2.6557970e+00   8.0037209e+00
   9.4191893e+00   6.2964587e+00   1.0933424e+00   7.0039811e+00   6.8357220e-01
   5.4791790e-01   3.1302917e+00   2.4090500e+00   1.4284545e+00   9.3713467e+00
   8.6815101e-01   7.3940827e+00   8.3222148e+00   7.6640235e+00   9.1019523e+00
   9.9235897e+00   3.3609685e+00   8.5035734e+00   6.5019105e+00   2.5683535e+00
   1.9547676e+00   2.8781087e+00   2.8150770e+00   4.0053778e+00   3.7253424e+00
   1.9376594e+00   2.2971697e+00   2.8510809e+00   7.0499695e+00   4.0396937e+00
   6.7511242e+00   3.6513113e+00   3.2246040e+00   3.1486117e+00   6.4680967e+00
   5.8643961e+00   3.0076994e+00   8.3522051e+00   2.9900872e+00   5.0388777e+00
   6.6159619e+00   8.2935647e+00   7.3427111e+00   6.9067125e+00   9.3937977e+00
   4.9835358e+00   1.4818237e+00   8.8665840e-01   7.0069103e+00   2.7878402e+00
   9.7697918e-01   6.8547388e+00   4.2791092e+00   6.0701475e+00   4.2485841e+00
   5.7099108e+00   2.5864354e+00   9.1106705e+00   7.2233020e+00   8.5485168e+00
   1.6976707e+00   2.4932138e+00   6.9963377e+00   7.3961158e+00   9.6240394e+00
   7.3596616e+00   3.3087466e+00   5.9060865e+00   2.6049667e+00   2.5857471e-01
   4.4944356e+00   1.7758417e+00   1.2477404e+00   4.0119163e+00   8.3896960e+00
   3.8264623e+00   2.3400949e+00   5.1140894e+00   6.5982058e+00   7.5663070e+00
   5.0784883e+00   8.6854904e+00   3.6003104e+00   7.0018091e+00   1.7489207e+00
   3.2868961e+00   2.0243289e+00   8.5875903e+00   7.3275159e+00   5.1448293e-01
   5.7892349e+00   8.4254683e+00   7.8069053e-01   6.9261230e+00   6.8003864e+00
   2.0760303e+00   3.9298950e+00   1.7260450e+00   7.8870312e+00   1.8384294e+00
   4.5796239e-02   6.8185479e+00   5.1699042e+00   6.5414599e+00   7.4089577e-01
   4.0362866e+00   6.8870492e+00   5.5976157e-01   6.3067550e+00   8.9092882e+00
   5.5937057e+00   7.7685995e+00   3.4689519e+00   7.0689894e+00   7.8507008e+00
   5.8243296e+00   2.4461471e+00   1.3860172e+00   2.1144823e+00   6.6846427e+00
   2.3123782e+00   2.2759253e+00   4.1390075e+00   3.3712500e+00   1.3350386e+00
   3.5650893e+00   2.7120700e+00   5.8471862e+00   6.4237813e+00   1.9507153e+00
   3.6718991e+00   6.2953969e+00   1.5644693e-01   6.5259132e+00   7.6241448e+00
   8.3969742e+00   6.2303301e+00   4.5938005e+00   6.7645578e+00   2.6107108e-01
   7.5876627e+00   2.9454726e+00   5.2463735e+00   6.3245064e+00   7.1241481e+00
   4.2297798e-01   3.8808142e+00   6.4647743e+00   3.2099635e+00   4.7062472e+00
   8.6386822e+00   6.0566351e+00   4.5389347e+00   6.3422069e+00   2.9755538e+00
   3.4800766e+00   3.7353630e+00   9.5417446e+00   2.2269532e+00   8.0082029e+00
   1.8920684e+00   4.2747353e+00   3.9828223e+00   8.6516989e-01   2.6909154e+00
   3.9017594e+00   7.5316641e+00   5.6343019e-01   7.5341041e+00   8.5637691e+00
   2.6383404e+00   2.2771681e+00   2.6988366e+00   6.8636590e+00   5.4266699e+00
   4.4252996e+00   3.1355377e+00   2.3693038e+00   6.4267288e+00   3.9184487e-01
   5.3862926e-01   3.0008910e+00   9.8843927e+00   5.5502745e+00   3.9629025e+00
   1.1261514e+00   7.4502175e+00   2.1799380e+00   7.2183213e+00   5.5230984e+00
   4.2939734e+00   6.9933884e+00   6.1739017e+00   6.8539730e+00   9.0909819e+00
   7.4915973e+00   3.0090576e+00   1.9098644e+00   7.3922922e+00   9.6892500e+00
   7.2016580e+00   2.2687572e+00   7.3105083e+00   3.4771530e+00   5.9318458e+00
   4.1388650e+00   3.0195062e+00   1.0986171e+00   6.9126793e+00   5.4055043e+00
   8.8415306e+00   3.5975021e+00   3.5686899e+00   1.6730883e+00   5.9752658e+00
   3.6615680e+00   2.7113256e+00   9.2735622e+00   2.6702652e+00   9.2274457e+00
   8.4870923e+00   8.5249735e+00   1.5649522e+00   7.1624583e+00   3.3941230e-02
   3.6044889e+00   8.3476276e+00   1.5250064e+00   7.3779420e+00   4.0243355e+00
   7.2886387e+00   2.6359394e+00   2.5537030e+00   6.6377496e+00   1.6960881e+00
   5.0378079e+00   3.4578887e+00   7.1357401e+00   2.0732288e+00   2.8594686e+00
   8.3336356e+00   6.6953060e+00   5.9958555e+00   5.0301482e+00   3.7086472e+00
   9.9521598e+00   3.7592253e+00   9.7265108e+00   7.4506341e+00   1.6674713e-01
   1.8657144e+00   3.2483720e+00   7.1040869e+00   5.6099624e+00   8.0092088e+00
   3.9341151e+00   2.4863371e+00   9.5734528e+00   7.8313319e+00   9.4632499e+00
   4.2422671e+00   2.9551276e+00   6.3927615e+00   7.2546138e+00   6.6176491e+00
   1.3381099e+00   3.0430157e+00   2.5526220e+00   6.1131075e+00   5.1784560e+00
   5.4490590e+00   2.7022147e+00   4.7554673e-01   2.8037080e+00   6.4630196e+00
   1.4765578e+00   2.2715801e+00   7.2518236e+00   7.4927359e+00   6.7894101e+00
   6.5591382e+00   7.3947894e+00   3.8993066e+00   7.4125278e+00   4.3632708e+00
   6.8622346e+00   3.0556015e+00   3.4878481e+00   3.3079181e+00   5.2120295e+00
   8.2962649e-01   6.5809408e+00   7.7555464e+00   5.3959730e+00   9.0105791e+00
   1.0801669e+00   8.2001489e+00   6.2005505e+00   6.4864918e+00   4.9506692e+00
   9.0810242e+00   2.7977356e+00   5.7605346e+00   7.5091649e+00   9.3497909e+00
   6.7146289e+00   3.8672899e+00   8.5857053e+00   7.0632828e+00   9.9424301e+00
   4.8959434e+00   4.7135943e+00   6.1833738e+00   1.9692199e+00   5.4366323e+00
   8.6688705e+00   6.8319195e+00   6.6904259e+00   7.2434823e+00   7.0595075e+00
   9.6353029e+00   3.8015513e+00   7.3058536e+00   2.9980025e+00   4.3326056e+00
   2.3929061e+00   7.8945614e+00   8.6371087e+00   5.7045711e+00   7.3486611e-02
   6.5134953e+00   2.2144086e+00   7.5650954e+00   1.7447792e+00   6.6851221e+00
   7.0684335e-01   4.2629820e+00   5.8820939e+00   2.3355024e+00   2.0677646e+00
   3.1810473e+00   1.9309735e+00   9.0346738e-01   7.6683772e+00   4.9794882e+00
   2.6013019e+00   6.1435164e+00   4.3517555e+00   6.8394995e+00   6.0863543e+00
   6.6712030e+00   2.0398078e+00   7.4982221e+00   2.7702491e+00   7.4901847e+00
   5.9048318e+00   7.6815833e+00   7.8423260e+00   6.4434020e+00   5.2378004e+00
   8.9363270e+00   3.5692209e+00   4.5134058e+00   2.8190862e+00   3.7231266e+00
   5.3262350e+00   6.8914002e+00   5.0339987e-01   6.7585602e+00   9.5467827e+00
   9.8696827e+00   6.8343748e+00   6.9480329e+00   7.6292203e+00   1.3005687e-02
   4.3236779e+00   1.3933485e+00   8.2773217e+00   6.2329277e+00   1.7923148e+00
   9.1682127e+00   7.1832752e+00   5.6205605e+00   7.1233871e+00   2.2067689e+00
